[[0, 0, 0, 0, 0, 0, 0, 0, 0, 0, 0, 0],
 [1, 0, 0, 0, 0, 0, 0, 0, 0, 0, 1, 0],
 [0, 0, 1, 0, 0, 0, 0, 1, 0, 0, 0, 0],
 [0, 0, 0, 1, 0, 0, 0, 0, 0, 0, 0, 0],
 [0, 1, 1, 0, 0, 0, 0, 0, 0, 0, 0, 0],
 [0, 0, 0, 0, 0, 0, 1, 1, 1, 0, 0, 0],
 [0, 0, 0, 0, 0, 0, 0, 0, 0, 0, 0, 0],
 [0, 0, 0, 0, 0, 0, 0, 0, 0, 0, 0, 0],
 [0, 0, 0, 1, 0, 0, 0, 0, 0, 0, 0, 0],
 [0, 0, 0, 0, 1, 0, 1, 0, 0, 0, 1, 0],
 [0, 0, 0, 1, 0, 0, 0, 0, 0, 0, 0, 0]]
[38;2;255;150;150;12m1 [38;2;255;150;150;12m1 [38;2;255;255;255;12m0 [38;2;255;255;255;12m0 [38;2;255;255;255;12m0 [38;2;255;255;255;12m0 [38;2;255;255;255;12m0 [38;2;255;255;255;12m0 [38;2;255;255;255;12m0 [38;2;255;150;150;12m1 [38;2;255;150;150;12m1 [38;2;255;150;150;12m1 
💣[38;2;255;110;110;12m2 [38;2;255;150;150;12m1 [38;2;255;150;150;12m1 [38;2;255;255;255;12m0 [38;2;255;255;255;12m0 [38;2;255;150;150;12m1 [38;2;255;150;150;12m1 [38;2;255;150;150;12m1 [38;2;255;150;150;12m1 💣[38;2;255;150;150;12m1 
[38;2;255;150;150;12m1 [38;2;255;110;110;12m2 💣[38;2;255;110;110;12m2 [38;2;255;150;150;12m1 [38;2;255;255;255;12m0 [38;2;255;150;150;12m1 💣[38;2;255;150;150;12m1 [38;2;255;150;150;12m1 [38;2;255;150;150;12m1 [38;2;255;150;150;12m1 
[38;2;255;150;150;12m1 [38;2;255;80;80;12m3 [38;2;255;60;60;12m4 💣[38;2;255;150;150;12m1 [38;2;255;255;255;12m0 [38;2;255;150;150;12m1 [38;2;255;150;150;12m1 [38;2;255;150;150;12m1 [38;2;255;255;255;12m0 [38;2;255;255;255;12m0 [38;2;255;255;255;12m0 
[38;2;255;150;150;12m1 💣💣[38;2;255;110;110;12m2 [38;2;255;150;150;12m1 [38;2;255;150;150;12m1 [38;2;255;110;110;12m2 [38;2;255;80;80;12m3 [38;2;255;110;110;12m2 [38;2;255;150;150;12m1 [38;2;255;255;255;12m0 [38;2;255;255;255;12m0 
[38;2;255;150;150;12m1 [38;2;255;110;110;12m2 [38;2;255;110;110;12m2 [38;2;255;150;150;12m1 [38;2;255;255;255;12m0 [38;2;255;150;150;12m1 💣💣💣[38;2;255;150;150;12m1 [38;2;255;255;255;12m0 [38;2;255;255;255;12m0 
[38;2;255;255;255;12m0 [38;2;255;255;255;12m0 [38;2;255;255;255;12m0 [38;2;255;255;255;12m0 [38;2;255;255;255;12m0 [38;2;255;150;150;12m1 [38;2;255;110;110;12m2 [38;2;255;80;80;12m3 [38;2;255;110;110;12m2 [38;2;255;150;150;12m1 [38;2;255;255;255;12m0 [38;2;255;255;255;12m0 
[38;2;255;255;255;12m0 [38;2;255;255;255;12m0 [38;2;255;150;150;12m1 [38;2;255;150;150;12m1 [38;2;255;150;150;12m1 [38;2;255;255;255;12m0 [38;2;255;255;255;12m0 [38;2;255;255;255;12m0 [38;2;255;255;255;12m0 [38;2;255;255;255;12m0 [38;2;255;255;255;12m0 [38;2;255;255;255;12m0 
[38;2;255;255;255;12m0 [38;2;255;255;255;12m0 [38;2;255;150;150;12m1 💣[38;2;255;110;110;12m2 [38;2;255;110;110;12m2 [38;2;255;150;150;12m1 [38;2;255;150;150;12m1 [38;2;255;255;255;12m0 [38;2;255;150;150;12m1 [38;2;255;150;150;12m1 [38;2;255;150;150;12m1 
[38;2;255;255;255;12m0 [38;2;255;255;255;12m0 [38;2;255;110;110;12m2 [38;2;255;80;80;12m3 💣[38;2;255;110;110;12m2 💣[38;2;255;150;150;12m1 [38;2;255;255;255;12m0 [38;2;255;150;150;12m1 💣[38;2;255;150;150;12m1 
[38;2;255;255;255;12m0 [38;2;255;255;255;12m0 [38;2;255;150;150;12m1 💣[38;2;255;110;110;12m2 [38;2;255;110;110;12m2 [38;2;255;150;150;12m1 [38;2;255;150;150;12m1 [38;2;255;255;255;12m0 [38;2;255;150;150;12m1 [38;2;255;150;150;12m1 [38;2;255;150;150;12m1 
